8.061676451291374971e-04,1.460883177748248201e-04,3.113910421687631652e-04,2.657371155788294326e-04,1.399525161614574521e-04,2.702672531827127840e-04,3.269094310639929419e-04,3.257930076933016734e-04,3.539633999992070415e-04,1.839888803513262626e-04,1.683332845346680463e-04,1.617840911031138984e-04,1.960060514141100910e-04,1.406783223981416143e-04,2.877462485478073551e-04,2.440182560858407998e-04,1.494246689652339269e-04,2.265333417321886971e-04,2.817472771651779052e-04,2.484221973378022280e-04,3.014796441255073855e-04,1.686408486398444713e-04,2.387189659035326538e-04,1.669460369989699249e-04,3.264731788110179973e-04,1.450075529818325548e-04,1.545745180082234071e-04,1.210651420185540963e-04,1.632069923173036811e-04,2.190630674380730563e-04,1.573030509074165148e-04,1.719835269886009878e-04,2.459159578856491969e-04,1.759948304012448194e-04,3.083652852427612749e-04,2.354783149314379541e-04,2.024937943630933845e-04,1.750195569460796677e-04,1.227468848583714370e-04,3.426137887085873939e-04,1.653893256673940378e-04,3.147773282420375258e-04,2.080572275429227265e-04,2.832783636392079184e-04,2.374301626490325702e-04,2.477125110612219089e-04,2.378441367152531541e-04,3.620762401238375016e-04,2.245369742328791633e-04,1.806433839107973022e-04,3.751191549107482214e-04,3.003175424609613275e-04,1.946269336704634155e-04,2.950045162614816133e-04,2.135915857830535830e-04,1.559382595386977675e-04,2.660492685003746304e-04,2.325005699642612397e-04,2.659304313176411591e-04,2.738796911559208372e-04,2.363488886407462690e-04,2.070236616276391502e-04,1.954873829437024581e-04,3.055436458654874738e-04,1.870007609477466733e-04,1.969539759963595332e-04,3.156350682417354329e-04,2.139130572220424627e-04,2.677058856685894379e-04,1.350089826377290987e-04,1.838571768404933377e-04,3.231840924275631763e-04,2.877942436554599198e-04,3.217965308461022715e-04,1.956088651809977552e-04
1.460883177748248201e-04,3.585902692146276894e-04,1.834046659543389776e-04,1.838118868550695851e-04,1.453745009343056812e-04,1.907212780921552122e-04,1.981747788817105017e-04,1.964726999292368010e-04,2.256724057182870138e-04,1.560270177384337031e-04,1.805404707821945353e-04,1.690186984259221315e-04,1.548019910224690684e-04,1.420383000639581213e-04,2.639080884172797722e-04,1.858738319905553352e-04,1.417063564884268195e-04,1.791617814659392965e-04,1.784418846401177462e-04,2.177301769941326383e-04,1.667243323126594711e-04,2.058771046809013789e-04,1.806861935091559081e-04,1.654889918610795007e-04,1.931820530508359356e-04,1.478971158556225914e-04,1.582259949168449652e-04,1.324050520700654533e-04,1.588762541008888099e-04,1.992546340661236349e-04,1.502542690804466738e-04,1.696231241094898958e-04,1.710486037073231523e-04,1.441666805306453605e-04,1.722054970691007597e-04,1.492771776505642497e-04,1.743623344260430464e-04,1.780294847885738265e-04,1.498052870330291602e-04,1.870180285639792296e-04,1.420671167524385347e-04,1.996756419184533577e-04,1.779961567787179187e-04,1.911014188242585307e-04,1.873505610792945437e-04,1.587313860381547935e-04,1.639425980004308137e-04,2.289778825662741049e-04,1.465045869279465573e-04,1.602086498838183179e-04,2.178018297223432379e-04,2.429547863146691979e-04,1.899538228663042588e-04,1.671865975182817282e-04,2.104856162818541365e-04,1.518686409749459346e-04,1.853617978764472197e-04,1.906672684032777079e-04,1.639173975698157693e-04,1.815239043210532658e-04,1.844995367304597155e-04,1.420610755647348290e-04,1.563275153421547694e-04,2.284790366243062546e-04,1.516957281570665477e-04,1.820612814602429609e-04,2.287292799006099037e-04,1.843838947753243223e-04,1.807479026542636001e-04,1.364026690853427804e-04,1.647425126099572783e-04,1.904153387297272495e-04,1.896741474735456911e-04,1.868376533135471143e-04,1.563524215192183301e-04
3.113910421687631652e-04,1.834046659543389776e-04,9.569423723193697931e-04,3.436186493750740200e-04,1.628972106503230675e-04,3.766283045722431310e-04,4.324263823180358687e-04,4.104225281843057222e-04,3.615047201197662944e-04,2.253855325000797950e-04,2.164981580862577885e-04,2.112718383258338451e-04,1.930670680469531361e-04,1.730377441278152647e-04,3.736555672753338300e-04,3.118703001572983836e-04,1.617404449428385749e-04,2.909389400867659452e-04,3.407073454686103051e-04,2.880570766377260421e-04,3.611149527190003154e-04,1.937301725848233078e-04,2.646948260849772217e-04,2.189646994152638366e-04,3.616123239331355032e-04,1.760006148500365482e-04,1.930830215882299637e-04,1.498473386301597105e-04,2.346085303219191379e-04,2.730548901654799611e-04,1.905180144651981444e-04,1.405734398570880194e-04,2.639877493454539383e-04,1.790480189609651603e-04,3.252646504479861302e-04,3.183259827272959686e-04,2.343156286216002714e-04,2.169931848745809092e-04,1.653892597852292968e-04,4.257360311380957549e-04,1.898644841685895356e-04,3.962931039498970116e-04,2.301093907946649545e-04,3.416979602119784155e-04,2.754268175676284538e-04,2.965487880855617554e-04,2.837577963496224084e-04,4.026717854676393972e-04,3.028101871473501167e-04,2.765617462835853681e-04,4.525352436848204809e-04,3.488821477594188070e-04,2.248590048196763384e-04,3.676808482233186810e-04,2.972803367239478509e-04,1.948324272136913512e-04,3.517475192002249870e-04,2.790901730086431235e-04,3.169103704502433975e-04,2.420104697040005158e-04,2.341171253758340585e-04,2.630359714669757700e-04,2.199457543518273505e-04,3.302417534832897570e-04,2.391165275613299274e-04,2.285886472884071739e-04,3.718291125719788725e-04,2.586680049377877927e-04,3.223177263003230769e-04,1.727204524622113742e-04,2.137454957004382644e-04,4.022839868090458517e-04,3.331774108779884101e-04,3.832513419600565513e-04,2.153624604227357743e-04
2.657371155788294326e-04,1.838118868550695851e-04,3.436186493750740200e-04,7.738423188039259210e-04,1.528432198449070903e-04,3.036751025655716452e-04,4.421490704132713216e-04,4.500396324685624456e-04,4.285809413729024472e-04,2.140238538284581387e-04,2.181370205780877114e-04,2.434347171686415581e-04,2.569824642396735049e-04,1.464876258017669289e-04,3.117183948783093582e-04,3.214762365050894484e-04,1.676376465261764212e-04,2.358309676175427013e-04,3.556296365657527934e-04,2.993572343157092919e-04,3.709138967344742781e-04,2.177076122005893572e-04,2.569508783616451754e-04,1.857785145165128597e-04,4.211695598366792313e-04,1.731150086821576660e-04,1.959941183169630055e-04,1.571689481982030433e-04,1.936394637276961698e-04,2.705825829698158729e-04,1.939144716168828898e-04,1.989888770400513823e-04,2.648713537328289090e-04,1.733952501532468201e-04,3.402473408514465787e-04,2.972446458911536600e-04,2.510328142801726862e-04,2.250657945210493896e-04,1.608464158434262062e-04,4.445290012706249751e-04,2.056447916843857980e-04,4.493743295989777197e-04,1.978319788236730041e-04,4.879813519340999882e-04,2.985124936607079244e-04,2.439641385752557056e-04,2.789355547921739645e-04,4.880601229009657303e-04,2.750787011142727563e-04,1.921703767934044725e-04,5.019690043998855170e-04,4.311411076411729502e-04,3.193143879740638043e-04,3.137178634494981852e-04,2.446535708670243372e-04,1.826650662688492001e-04,3.412764790406718797e-04,2.282595743587193286e-04,3.527832061941644040e-04,3.489634680190910245e-04,2.666848808179711288e-04,2.783849926553212326e-04,2.316720677669102885e-04,4.100853182620276005e-04,2.372265994136691671e-04,2.334276821800861828e-04,4.725794747086507958e-04,2.779159145286138059e-04,3.963652362782900417e-04,1.867201156446260109e-04,1.889887559889189407e-04,4.248066275280547050e-04,3.457444491595707990e-04,5.296254673764519243e-04,2.290026090699763528e-04
1.399525161614574521e-04,1.453745009343056812e-04,1.628972106503230675e-04,1.528432198449070903e-04,2.756822253097495029e-04,1.555795637353736311e-04,1.879222565421816843e-04,1.679580499127093893e-04,1.846252079101803661e-04,1.513288368061301383e-04,1.297287916442800386e-04,1.201383612043579758e-04,1.422526027304964191e-04,1.330024858447615961e-04,2.685928357767979275e-04,1.514588580046074249e-04,1.410075387395527116e-04,1.627105807475137645e-04,1.555380476516191014e-04,1.676040703242876156e-04,1.561985658840448073e-04,1.533654176109494898e-04,1.689592360391559329e-04,1.430198736073590409e-04,1.541218881523818908e-04,1.407877174325551151e-04,1.259998877932850788e-04,1.309384904907207514e-04,1.308936962549004225e-04,1.364209927324855430e-04,1.524591136990346150e-04,1.672807721533820977e-04,1.503543791431519638e-04,1.122471967173126981e-04,1.618155152481853126e-04,1.572587486674222100e-04,1.502086698536448110e-04,1.375051218846605461e-04,1.007063109457495846e-04,1.546831335740784434e-04,1.393375185031493356e-04,1.602260489696187725e-04,1.698723607664154691e-04,1.530063564490987175e-04,1.654891655461417641e-04,1.481550209826562527e-04,1.420606481279423254e-04,1.830081850649335317e-04,1.275295051753493926e-04,1.478501469444285378e-04,1.812753770124108754e-04,1.765341087039650739e-04,1.671669995824291764e-04,1.605794619128250961e-04,1.979273068289344158e-04,1.383090029113415306e-04,1.658985679870295777e-04,1.709431379329858132e-04,1.495115728422598321e-04,1.802305437783452966e-04,1.611020014129061048e-04,1.235462140240446206e-04,1.428008328444856252e-04,1.476721843598972808e-04,1.385918879530054237e-04,1.716545618614729631e-04,1.727920619640006979e-04,1.206948750004461021e-04,1.444055637342180900e-04,1.044980718359939689e-04,1.566604580869225148e-04,1.838009919364322938e-04,1.713017519745083290e-04,1.588209584844945191e-04,1.110296584538764488e-04
2.702672531827127840e-04,1.907212780921552122e-04,3.766283045722431310e-04,3.036751025655716452e-04,1.555795637353736311e-04,8.479689757483183489e-04,3.745838243802648458e-04,3.576556272676141156e-04,3.413683585246427964e-04,2.655403275745743812e-04,2.310819320662065566e-04,2.078843089770134934e-04,2.363542544403126851e-04,1.953773919433720956e-04,4.107415503172844214e-04,3.175428279100172115e-04,1.865524226015609355e-04,3.094872917863905138e-04,2.719487722137836866e-04,2.858837880619497494e-04,3.477737990165711201e-04,2.026706076275220378e-04,3.302555210843428316e-04,2.273215321381770026e-04,3.403119556554205088e-04,1.795103673985105344e-04,1.731267436341346936e-04,1.938740907293067927e-04,2.628777747634921964e-04,2.454649760883171944e-04,2.040921983545923644e-04,2.028206237171263540e-04,2.403147194399949001e-04,1.690377685473017013e-04,2.892818896076125210e-04,2.578965861173530285e-04,2.884479421265596531e-04,2.083475977869149963e-04,1.503042691014745322e-04,3.373709585134099503e-04,2.186312044371868527e-04,3.368105208894259890e-04,2.611271734500580227e-04,3.026844023962310323e-04,2.987316848457962260e-04,2.547795872929767367e-04,2.421214732191291196e-04,3.786564444855448886e-04,2.438757283032251880e-04,2.826943281539949721e-04,3.475468255611147052e-04,3.306227089645088243e-04,2.921722419041047057e-04,3.103706372586803662e-04,3.202998575571565972e-04,1.707358972324266586e-04,3.574517454256096968e-04,2.799175659573998926e-04,2.640527003866817825e-04,2.930743136126645848e-04,3.011119254267917954e-04,2.377774610785548365e-04,2.494506412484688942e-04,2.836719173585994995e-04,2.463170952286004162e-04,2.669483649921782788e-04,3.461499864452652841e-04,2.624917560908837546e-04,2.823659013980526870e-04,1.707815150662833018e-04,2.394083168763724270e-04,3.170096281679509105e-04,3.002663440016153755e-04,3.180286164194283437e-04,2.123609315808364312e-04
3.269094310639929419e-04,1.981747788817105017e-04,4.324263823180358687e-04,4.421490704132713216e-04,1.879222565421816843e-04,3.745838243802648458e-04,1.736491803848778720e-03,4.643190554464967702e-04,5.124440225688884102e-04,1.802318875744009826e-04,2.762158114118900003e-04,3.539496450907932243e-04,1.576531620403142753e-04,1.730038188757822293e-04,1.734278934249742523e-04,3.740074806181066590e-04,1.205233940494543598e-04,2.962176750419395961e-04,4.358881970859522655e-04,4.034006327212355872e-04,4.135675363888272819e-04,2.614743960125878860e-04,1.788549298949312309e-04,1.448454446162332346e-04,6.275152161932382637e-04,1.938855804044365392e-04,2.485902720665875512e-04,1.260315534513861745e-04,1.961568707794412666e-04,5.071165417655230153e-04,2.054053035043483652e-04,1.279340856370860305e-04,3.468014816048193812e-04,2.207087571504087373e-04,3.751788724469297420e-04,3.430780866288393803e-04,2.305171893378655786e-04,2.666611205171833779e-04,2.752947272785033006e-04,6.171815893225424381e-04,1.383849450691473112e-04,4.777610259750986947e-04,2.327822346073765030e-04,4.097370727200828010e-04,2.610174291906409787e-04,2.962690860088583933e-04,3.843082602244652746e-04,5.177154983119021305e-04,3.658656171754803670e-04,1.880456895896800290e-04,6.154509107311092585e-04,3.991154495105565065e-04,1.860619601669370401e-04,4.026353861491339730e-04,1.639239194244516485e-04,2.256576767323792388e-04,4.895783865368706069e-04,1.599080836803756724e-04,3.805069445613069022e-04,1.788880009583351219e-04,1.348139980706430984e-04,3.033183825635660702e-04,2.675218396116431255e-04,6.512032727978013221e-04,2.841305940418649661e-04,2.303954645215347823e-04,5.263055585883517039e-04,3.941620705135015978e-04,4.133215526375080438e-04,2.296790322793281576e-04,2.030310490724242668e-04,6.093749667439463807e-04,4.403200690098404437e-04,4.470194218189762841e-04,2.755559254590905197e-04
3.257930076933016734e-04,1.964726999292368010e-04,4.104225281843057222e-04,4.500396324685624456e-04,1.679580499127093893e-04,3.576556272676141156e-04,4.643190554464967702e-04,9.282100406254968411e-04,4.988894859185739059e-04,2.733966718635384599e-04,2.206767243698336191e-04,2.634702737924551484e-04,2.926509828763625316e-04,1.694116154713498645e-04,3.934935009690780378e-04,3.461588104180460951e-04,2.111916009652809346e-04,2.633594890355844451e-04,3.979060455309867041e-04,3.008191678976833536e-04,3.803510884883351669e-04,2.320226516172696593e-04,3.564612300144232265e-04,2.354190582208438398e-04,4.212351385279245928e-04,1.838613963380124111e-04,2.075289972619676494e-04,1.756879361680956271e-04,2.240411542015854386e-04,2.809026496230295519e-04,2.078052929862008727e-04,2.643317324713869028e-04,3.047073054505299765e-04,2.020779364322954996e-04,4.276596108663443174e-04,3.246011871381662825e-04,2.928464557002918270e-04,2.446022676809970651e-04,1.866668870469217199e-04,4.574356839837317545e-04,2.693768577716703066e-04,6.074187105265389493e-04,2.321689097081783520e-04,5.180891454763031020e-04,3.389533299233800302e-04,2.993124005050173714e-04,3.222582998676714011e-04,5.887758698433381323e-04,3.151414841840392811e-04,2.462175743493030529e-04,5.268335874230085534e-04,4.722524144791052166e-04,3.488319955340584235e-04,3.826621246835276388e-04,2.954436185665506253e-04,2.073666569950861351e-04,3.776947036107743323e-04,2.963871846339934308e-04,4.052948157869126853e-04,4.056532142997218079e-04,3.809316718611403872e-04,3.112752886629192146e-04,2.823731290077249553e-04,4.199113217792289389e-04,2.588298799757722882e-04,2.828521074659411431e-04,5.605927953112067050e-04,2.901648080458059755e-04,4.278734721177174802e-04,1.630392666607998278e-04,2.182131500078515784e-04,4.614356262990055527e-04,3.768387493877527520e-04,5.614318808216241198e-04,2.551892239766864940e-04
3.539633999992070415e-04,2.256724057182870138e-04,3.615047201197662944e-04,4.285809413729024472e-04,1.846252079101803661e-04,3.413683585246427964e-04,5.124440225688884102e-04,4.988894859185739059e-04,1.406530232652621797e-03,3.048122265400630840e-04,2.788692803783987236e-04,2.642977427601000961e-04,2.939450273431301391e-04,2.097315831520231454e-04,4.154764332647155724e-04,3.503829354325460328e-04,2.089920027578169180e-04,3.342308017453079236e-04,3.592176668385666243e-04,3.346837088001904776e-04,3.727358851703168338e-04,2.278879106539195365e-04,4.170479287254564367e-04,2.687805695930233938e-04,4.833982087050293420e-04,2.117541420684614117e-04,1.940251878691090905e-04,1.907428471565720900e-04,2.707698865076595672e-04,3.057254238403612633e-04,2.384551987060343399e-04,2.367724187883758064e-04,3.259863896741020737e-04,2.227568494836904554e-04,4.284784623234005234e-04,3.030170946958390499e-04,3.540652881661173032e-04,2.559626287598257667e-04,1.620653199730097860e-04,4.905409975772639887e-04,2.734348500338344701e-04,4.775428011396507834e-04,2.747554381856158923e-04,4.670174948588738401e-04,4.102346981713788808e-04,2.825357004539903196e-04,3.594867977506650131e-04,6.330568789244442980e-04,2.952748687141957314e-04,2.927485120506406681e-04,5.143454831107082672e-04,5.986691747438865939e-04,3.628240392287292952e-04,3.235440439112353701e-04,3.335088993028456172e-04,1.926675423502258633e-04,3.674029491113565819e-04,2.979145359188282841e-04,3.559818505961652858e-04,3.807056848976341661e-04,3.753080134593066186e-04,2.865860646508654685e-04,3.444743221834079320e-04,4.326807497958429921e-04,2.751475081671022021e-04,3.070107517707549444e-04,5.262471745695951938e-04,3.098077010453466080e-04,4.364284772881566864e-04,1.796654786604395674e-04,2.559037791804197630e-04,4.530078545778661080e-04,4.265650070677565425e-04,5.248892760714572074e-04,2.707145964526409907e-04
1.839888803513262626e-04,1.560270177384337031e-04,2.253855325000797950e-04,2.140238538284581387e-04,1.513288368061301383e-04,2.655403275745743812e-04,1.802318875744009826e-04,2.733966718635384599e-04,3.048122265400630840e-04,7.555641397400539652e-04,2.104042516537583517e-04,1.712126844568743838e-04,2.434787092913369433e-04,1.426397655087040478e-04,2.990896462494208887e-04,2.162805811854504154e-04,1.775233505585619299e-04,2.409654686711359115e-04,2.008061756949910417e-04,1.805248589706680263e-04,1.496362823577216511e-04,2.300902521123050055e-04,3.049490910431270274e-04,2.062471420527792676e-04,1.867014187833438863e-04,1.431291228035890526e-04,1.387722998974246619e-04,1.609132057660924472e-04,2.368886926022177239e-04,2.011070884335517252e-04,2.014491050565057602e-04,2.239151365917465262e-04,1.880073982113072083e-04,1.273386318793945718e-04,1.895937953013510059e-04,2.098527947723116118e-04,2.649896782835938218e-04,1.639266366252153018e-04,1.253222259437975568e-04,1.948763059544276685e-04,1.960819826286258150e-04,2.510922876373474942e-04,1.944658449239556729e-04,2.669023080241497660e-04,2.823534431330977060e-04,1.951560577297004008e-04,1.662077287401237768e-04,3.097991751049332452e-04,1.374225778417284864e-04,2.851726130628326906e-04,2.223070205788687257e-04,3.232333011479956194e-04,2.239155527010435560e-04,1.419891077074264183e-04,2.856725598520152773e-04,1.587461808115829922e-04,2.157585274356479488e-04,2.326563294900405065e-04,1.994638990499606834e-04,2.563167072117605383e-04,2.346542792542866530e-04,2.050261786297230180e-04,2.141340039356238198e-04,2.780129889353042598e-04,1.486281235031229988e-04,1.823257559227821334e-04,2.505130452028135569e-04,1.926863208002210141e-04,2.056262690914400343e-04,1.582457787938669610e-04,1.677102478700103025e-04,1.755952008960339546e-04,2.547620440666058987e-04,2.311462309947839551e-04,2.671568770248992659e-04
1.683332845346680463e-04,1.805404707821945353e-04,2.164981580862577885e-04,2.181370205780877114e-04,1.297287916442800386e-04,2.310819320662065566e-04,2.762158114118900003e-04,2.206767243698336191e-04,2.788692803783987236e-04,2.104042516537583517e-04,7.044050796932040375e-04,1.780732543196437956e-04,1.847456401902433946e-04,1.682261555923465139e-04,3.506452502973882450e-04,2.262248645804808788e-04,1.562770569995865504e-04,2.611647606748460646e-04,1.873914163548813939e-04,2.517503402478933031e-04,2.032621895815603635e-04,1.646105090588902674e-04,2.340011697541376245e-04,2.116598986170401279e-04,2.469670074662014400e-04,1.644110886402981673e-04,1.454057027035475394e-04,1.503577231336232370e-04,2.058814089592163072e-04,1.980885608232507591e-04,1.777555298543605905e-04,1.510547452528540515e-04,1.766623288154656158e-04,1.301053877261024064e-04,1.904671055110209994e-04,1.863871420683955028e-04,2.405545208826953758e-04,1.635233697366043697e-04,1.551115666211915487e-04,2.288922366330715529e-04,1.926400418624581059e-04,2.289776173666170569e-04,2.081953215997316760e-04,2.314713183896155825e-04,2.634275678685007549e-04,1.803632644161438274e-04,1.794515340454189037e-04,2.551923358438035108e-04,1.937790399274768953e-04,2.307064844636622038e-04,2.511608377012899008e-04,2.795753413965938890e-04,2.197794459360636265e-04,1.924410393426241931e-04,2.726635823932375058e-04,1.444943926187120941e-04,2.558749928793826165e-04,2.456020712101042577e-04,1.865076962311444956e-04,2.395775236970892885e-04,2.394927727896052063e-04,1.823878882939396261e-04,2.055279585780850446e-04,2.527299023598703499e-04,2.198519722052343604e-04,2.151408859546035746e-04,2.586534085170240469e-04,2.104449848105167519e-04,1.907136590758008678e-04,1.570247323420641543e-04,1.892876751643259286e-04,2.210256344506628427e-04,2.122624160265713011e-04,2.071128596895095676e-04,1.767249804029739576e-04
1.617840911031138984e-04,1.690186984259221315e-04,2.112718383258338451e-04,2.434347171686415581e-04,1.201383612043579758e-04,2.078843089770134934e-04,3.539496450907932243e-04,2.634702737924551484e-04,2.642977427601000961e-04,1.712126844568743838e-04,1.780732543196437956e-04,5.228252469046557743e-04,1.949479874227433448e-04,1.658087024923038930e-04,2.666684403448071287e-04,2.191739056272756423e-04,1.507056587303761558e-04,2.381164293951239176e-04,2.193937970640303021e-04,2.387180262374890020e-04,2.471207042376215930e-04,1.782939450368981786e-04,2.140781875012186860e-04,1.556044198776580019e-04,3.275831583003877153e-04,1.657987570810973176e-04,1.464201919179295439e-04,1.420723708325083413e-04,1.647340281223848583e-04,2.463552792615096641e-04,1.730412410446268573e-04,1.914827559070428863e-04,1.975705475558773964e-04,1.324298494189184920e-04,2.099632535189207769e-04,1.816132585102885175e-04,2.487874338117757695e-04,1.771784088622369848e-04,1.495936441723979616e-04,3.126674805408913467e-04,1.626603750915323423e-04,2.668665478840736020e-04,2.112040635672758388e-04,2.513275133410569195e-04,2.629950100824955195e-04,1.599852311020146076e-04,1.973808078853442186e-04,2.909338226562520942e-04,1.843607445653401859e-04,1.462586129525088666e-04,3.058227494825394802e-04,2.764345292283220171e-04,2.437218736500431986e-04,2.031143359815323977e-04,1.964566192213881043e-04,1.411244484192982613e-04,2.355988501483584525e-04,1.718056178257854852e-04,1.976065466732971709e-04,2.284726763664267780e-04,2.193258795078905667e-04,1.644064128351721598e-04,2.234021122010628260e-04,3.143784163994933680e-04,2.291741084066030421e-04,2.664467368758646781e-04,2.943862964983755986e-04,2.222298882546657871e-04,2.353390778896703446e-04,1.347099348814157990e-04,1.937481810615894842e-04,2.758416100682478493e-04,2.483483567286837710e-04,2.462553549408036022e-04,1.779168642904465530e-04
1.960060514141100910e-04,1.548019910224690684e-04,1.930670680469531361e-04,2.569824642396735049e-04,1.422526027304964191e-04,2.363542544403126851e-04,1.576531620403142753e-04,2.926509828763625316e-04,2.939450273431301391e-04,2.434787092913369433e-04,1.847456401902433946e-04,1.949479874227433448e-04,4.941699067368357122e-04,1.210812125581444272e-04,3.205651253920676377e-04,2.172678466477884630e-04,1.756154820379972510e-04,2.207364169950301624e-04,1.642928465588834510e-04,1.803782329867656767e-04,1.545803492166047174e-04,2.342177738768458763e-04,3.084318758534464254e-04,2.067873318559519224e-04,2.016434523321228962e-04,1.445279122149914855e-04,1.520517353391205389e-04,1.586950817789086615e-04,2.299761331338342064e-04,2.031682319621901415e-04,1.777483543149488334e-04,2.164309420687774929e-04,1.858208416429404605e-04,1.224169958702859770e-04,2.019911260154980560e-04,1.742219409389770006e-04,2.525708706542641548e-04,1.565223080786153564e-04,1.211964738793243134e-04,1.781986505370692178e-04,2.042665860275572499e-04,2.697857088677173797e-04,1.792023657866533232e-04,2.779001409666113009e-04,3.023086829169138756e-04,1.697703775581044597e-04,1.412034735279833276e-04,3.367798985806832730e-04,1.354634242923014346e-04,2.156814292353543834e-04,1.937269703914310231e-04,2.979652195029807576e-04,3.581994928296758493e-04,1.492858787226647324e-04,2.572749543012094425e-04,1.342821490518060262e-04,2.077031427989306663e-04,2.533707570901737511e-04,2.269192338214528278e-04,3.830622190698095876e-04,2.745402262913272944e-04,1.735278123161980381e-04,2.034648768840795240e-04,3.716445512907399682e-04,1.783837269539017818e-04,2.069776144109544669e-04,3.053056569259175995e-04,2.155043005097444643e-04,2.382762306616219576e-04,1.513973991544337631e-04,1.609477150720277025e-04,1.569361792151240673e-04,2.646946353091588476e-04,2.411955346468786193e-04,2.076416138167228996e-04
1.406783223981416143e-04,1.420383000639581213e-04,1.730377441278152647e-04,1.464876258017669289e-04,1.330024858447615961e-04,1.953773919433720956e-04,1.730038188757822293e-04,1.694116154713498645e-04,2.097315831520231454e-04,1.426397655087040478e-04,1.682261555923465139e-04,1.658087024923038930e-04,1.210812125581444272e-04,2.882740302136786031e-04,2.083185404026375491e-04,1.827861943106814989e-04,1.167740396222291397e-04,1.811075364183342435e-04,1.457149824957435294e-04,1.865072819394857095e-04,1.416996640612625620e-04,1.716104566385560882e-04,1.558136142799606996e-04,1.343227698368961679e-04,1.458346192997981162e-04,1.537017785212941277e-04,1.467861379947163621e-04,1.199128679843896174e-04,1.325281024741823538e-04,1.634032318825809067e-04,1.524551335312657326e-04,1.244498914782519235e-04,1.367412981175500255e-04,1.130343519820423782e-04,1.463163798360925510e-04,1.552333604609051117e-04,1.775355739725878966e-04,1.556579470137108218e-04,1.444331442392171594e-04,1.541648715633165908e-04,1.237965781819991501e-04,1.702547011546755524e-04,1.817051277805880000e-04,1.612251398411186675e-04,1.801868407525156071e-04,1.440743581008006435e-04,1.572230076310669571e-04,2.330595156479006865e-04,1.241193819988373019e-04,1.410153463394756305e-04,1.705364416014860864e-04,2.133681632980776095e-04,1.502612293489073822e-04,1.453404982178110427e-04,1.780547911946823341e-04,1.405445744439112092e-04,1.804712430662801573e-04,1.563017525105868768e-04,1.457675328895902990e-04,1.571456176078496556e-04,1.423992375716417785e-04,1.343412022643676151e-04,1.637119771401403993e-04,1.818569836414666609e-04,1.621609682492085455e-04,1.707510247321154361e-04,1.923082503087734669e-04,1.712854700752441083e-04,1.435901298821177824e-04,1.359239839713162164e-04,1.551028465169215624e-04,1.642489093703501028e-04,1.824588505019591230e-04,1.432211848136847991e-04,1.647848542307845917e-04
2.877462485478073551e-04,2.639080884172797722e-04,3.736555672753338300e-04,3.117183948783093582e-04,2.685928357767979275e-04,4.107415503172844214e-04,1.734278934249742523e-04,3.934935009690780378e-04,4.154764332647155724e-04,2.990896462494208887e-04,3.506452502973882450e-04,2.666684403448071287e-04,3.205651253920676377e-04,2.083185404026375491e-04,8.327423746451933714e-04,3.517803168092457715e-04,2.973321491730526863e-04,3.727218038012872605e-04,2.100964254605355386e-04,2.662926031643636201e-04,1.315818012755765693e-04,4.222023960987564902e-04,5.554075435939293676e-04,4.261468058939210093e-04,2.385692480832341574e-04,2.551895154786469762e-04,2.729840305841547163e-04,2.836952981145351061e-04,3.768156288029845787e-04,2.765597488727717431e-04,3.326599975252227028e-04,2.439874422867661919e-04,2.655377321317620512e-04,1.738032758983622781e-04,2.606209158881034587e-04,3.466770178908667815e-04,3.347357159857184804e-04,2.635961055683363010e-04,1.517537134014421097e-04,1.770543911124943361e-04,2.817023145401362813e-04,3.919068057166366637e-04,3.214689349523712665e-04,3.916970145128409486e-04,4.375702065093343453e-04,2.929954631245512372e-04,2.302656638657906059e-04,3.611933405915823854e-04,1.658327952101818902e-04,4.404271440420591131e-04,2.670792919916586440e-04,4.074763013391753869e-04,3.790987732673573940e-04,2.069017743643714025e-04,6.129757417358603190e-04,2.556159107137384698e-04,3.540921898509150696e-04,3.855976846456399872e-04,2.734683867240901610e-04,3.696252760266728176e-04,4.610604402219898906e-04,3.364580086014182800e-04,2.379433889244608421e-04,3.494746349997296191e-04,2.718789428936177043e-04,2.997086894389260721e-04,3.775736733659089558e-04,3.399362598817745129e-04,2.752739934581490571e-04,2.560692920000563950e-04,2.884773271782335442e-04,2.542085728069708173e-04,3.579385308937800287e-04,3.126151177890768604e-04,3.302814062308131798e-04
2.440182560858407998e-04,1.858738319905553352e-04,3.118703001572983836e-04,3.214762365050894484e-04,1.514588580046074249e-04,3.175428279100172115e-04,3.740074806181066590e-04,3.461588104180460951e-04,3.503829354325460328e-04,2.162805811854504154e-04,2.262248645804808788e-04,2.191739056272756423e-04,2.172678466477884630e-04,1.827861943106814989e-04,3.517803168092457715e-04,8.982288207335985351e-04,1.561524556186053762e-04,2.748120023440408523e-04,2.918521743096876117e-04,2.834459596169799076e-04,3.453076726594781322e-04,1.965905717355318427e-04,2.375838757538745617e-04,1.972127158301659438e-04,3.257643893642250864e-04,1.829976488643674111e-04,1.835416759775967163e-04,1.407393474989549538e-04,2.256256514108481367e-04,2.403954100681089906e-04,1.922638484694481279e-04,1.490383621751425428e-04,2.267282536659502123e-04,1.535410159162411297e-04,2.721029033721756533e-04,2.718860165256913432e-04,2.501182732575081124e-04,2.167165473129170096e-04,1.869608448182815872e-04,3.213231396975216032e-04,2.016074467363668894e-04,3.397416873060718229e-04,2.330425569583748828e-04,3.202212040304869864e-04,2.862954934346191149e-04,2.311436237147720561e-04,2.422019072784476769e-04,3.726525917100328143e-04,2.621016311336157910e-04,2.289514231754214595e-04,3.820710888283986245e-04,3.483377261618153531e-04,2.503484541954238479e-04,2.879718705629981932e-04,2.665072178535758110e-04,1.841809320003045842e-04,3.428829435143004086e-04,2.657372659894942043e-04,2.467510277204420675e-04,2.600778228822991358e-04,2.573421623260777405e-04,3.153080159381803924e-04,2.282348244309478913e-04,3.037756384443716408e-04,2.220327115637823069e-04,2.548166197799241000e-04,3.713094295341972783e-04,2.366732949671359102e-04,2.829166705067452051e-04,1.525153520991330927e-04,2.255432512030550803e-04,3.421387037950895590e-04,3.222471907006298274e-04,3.546820096698087804e-04,2.103691251478888421e-04
1.494246689652339269e-04,1.417063564884268195e-04,1.617404449428385749e-04,1.676376465261764212e-04,1.410075387395527116e-04,1.865524226015609355e-04,1.205233940494543598e-04,2.111916009652809346e-04,2.089920027578169180e-04,1.775233505585619299e-04,1.562770569995865504e-04,1.507056587303761558e-04,1.756154820379972510e-04,1.167740396222291397e-04,2.973321491730526863e-04,1.561524556186053762e-04,3.163778925998506509e-04,1.618928371622741153e-04,1.435348070334145003e-04,1.463560658365744389e-04,9.817587415680984603e-05,2.297823720669552245e-04,2.321460038229970909e-04,1.747797033972692108e-04,1.353010956310224399e-04,1.358599582719564978e-04,1.438048668289531879e-04,1.692626376754902042e-04,1.686378005964725717e-04,1.686014941269254328e-04,1.765021535575344300e-04,2.173359337382548256e-04,1.774033970679387185e-04,1.249211466212889546e-04,1.607820122398811123e-04,1.572566188029000749e-04,1.585735729256586984e-04,1.583718060275167904e-04,1.040136631213445055e-04,1.307525514421208730e-04,1.628801092917484070e-04,1.928343924495435561e-04,1.679336310961626535e-04,2.123646427582624014e-04,2.077448809976255144e-04,1.473802299790913958e-04,1.256780804003287543e-04,2.251714973249669370e-04,9.635348461265031935e-05,1.843244460073052314e-04,1.670308524455702730e-04,1.941292876334139647e-04,2.044643080308558808e-04,1.185841465390604423e-04,2.395061683434664796e-04,1.460286219513572830e-04,1.642580062976047972e-04,1.826823688042941891e-04,1.495999536339048775e-04,2.147183470100765164e-04,2.186905478442474605e-04,1.446696082202374330e-04,1.585992006486296733e-04,2.042644179800853386e-04,1.521762054480507579e-04,1.562713435204827388e-04,1.844953853100566622e-04,1.721831267383784603e-04,1.576349873295592038e-04,1.261730462422263970e-04,1.459336648959907231e-04,1.274523599195918368e-04,2.196556168072111520e-04,1.626635894055900738e-04,1.844780125822969576e-04
2.265333417321886971e-04,1.791617814659392965e-04,2.909389400867659452e-04,2.358309676175427013e-04,1.627105807475137645e-04,3.094872917863905138e-04,2.962176750419395961e-04,2.633594890355844451e-04,3.342308017453079236e-04,2.409654686711359115e-04,2.611647606748460646e-04,2.381164293951239176e-04,2.207364169950301624e-04,1.811075364183342435e-04,3.727218038012872605e-04,2.748120023440408523e-04,1.618928371622741153e-04,7.179255236130779264e-04,2.211107716161917879e-04,2.695994068345141889e-04,2.663689415920936915e-04,2.251679267958499114e-04,2.852773346611176247e-04,2.182586397046319682e-04,2.736097811883642290e-04,1.981482391025320860e-04,1.896250584216023418e-04,1.665925652179633552e-04,2.696559036932646893e-04,2.392316981665133855e-04,1.983892559112827121e-04,1.693709962934362729e-04,1.925647698002312582e-04,1.504428913753096716e-04,2.176199318539748478e-04,2.288185759891610065e-04,2.677224709665972330e-04,2.118017750913770000e-04,1.836442935228880483e-04,2.516220183312504826e-04,1.758620002511317073e-04,2.663941180204987941e-04,2.569738143182540707e-04,2.455182766719913234e-04,3.004599612504381791e-04,2.117263571268719917e-04,2.048435968873222462e-04,3.295565704864880196e-04,1.926090707788430986e-04,3.209839969381415230e-04,2.600829326367859635e-04,3.548893162650966818e-04,2.520811453623237144e-04,2.097026721610277436e-04,2.892672583157575718e-04,1.743346912841915665e-04,2.849241941393861922e-04,2.623293585453689066e-04,2.219663576233666931e-04,2.509283873051327152e-04,2.235927718644571390e-04,1.974655753148155839e-04,2.522726895943047816e-04,3.238540156802056078e-04,2.157756707100926354e-04,2.369135247119033485e-04,3.063143769873839318e-04,2.569501632258434703e-04,2.223765289698911775e-04,2.091520651636368758e-04,2.287359745692671767e-04,2.412552798987724605e-04,2.807778433069682686e-04,2.394164213148918278e-04,2.129754125798230481e-04
2.817472771651779052e-04,1.784418846401177462e-04,3.407073454686103051e-04,3.556296365657527934e-04,1.555380476516191014e-04,2.719487722137836866e-04,4.358881970859522655e-04,3.979060455309867041e-04,3.592176668385666243e-04,2.008061756949910417e-04,1.873914163548813939e-04,2.193937970640303021e-04,1.642928465588834510e-04,1.457149824957435294e-04,2.100964254605355386e-04,2.918521743096876117e-04,1.435348070334145003e-04,2.211107716161917879e-04,6.518363067786942834e-04,2.884934804705617376e-04,3.516576487055456720e-04,2.064892586861170908e-04,1.703235653025264172e-04,1.409638189195273222e-04,4.020501440266447107e-04,1.567690550334671661e-04,1.965627118933435972e-04,1.165874255286040935e-04,1.615905974745281614e-04,3.089271330515300446e-04,1.764872282655247744e-04,2.078788205227801637e-04,2.751214977419659947e-04,2.033830572792391731e-04,3.402732291891889349e-04,2.998735622650644029e-04,1.900399515728529859e-04,2.139540176350706549e-04,1.773020528487342636e-04,4.886070681530657166e-04,1.531512034429320136e-04,3.947632066602329952e-04,1.946688764574299076e-04,3.519541103744626876e-04,2.198176630972460569e-04,2.715810190723849074e-04,2.786744369438347605e-04,3.944755487526127743e-04,2.823230410076577328e-04,1.526102336844322013e-04,4.980627503644013271e-04,3.265188373639652019e-04,1.879348674911836574e-04,3.574728109766799164e-04,1.782144993071502301e-04,2.038123068235990997e-04,3.448386438741458211e-04,1.729586700976753664e-04,3.373968472878518653e-04,1.936822545002371348e-04,1.771678708484667093e-04,2.499273596635707842e-04,2.071283941609916872e-04,3.611651829125675679e-04,2.177089429696734248e-04,2.085558773297264978e-04,3.853898205920945250e-04,2.435195721500100249e-04,3.329997897655965090e-04,1.536966140746325201e-04,1.777820032597718467e-04,4.230047350474056911e-04,3.195602295131419815e-04,4.207974797047052016e-04,2.126645296047351163e-04
2.484221973378022280e-04,2.177301769941326383e-04,2.880570766377260421e-04,2.993572343157092919e-04,1.676040703242876156e-04,2.858837880619497494e-04,4.034006327212355872e-04,3.008191678976833536e-04,3.346837088001904776e-04,1.805248589706680263e-04,2.517503402478933031e-04,2.387180262374890020e-04,1.803782329867656767e-04,1.865072819394857095e-04,2.662926031643636201e-04,2.834459596169799076e-04,1.463560658365744389e-04,2.695994068345141889e-04,2.884934804705617376e-04,9.464594441215784613e-04,2.961507299202779898e-04,2.538701630429576685e-04,1.946256149816092036e-04,1.760957703238693630e-04,3.410718305646477395e-04,1.942875610168421860e-04,2.402980644397997509e-04,1.594487086044771198e-04,1.652407542619257954e-04,3.123480387080019714e-04,1.881106793568303257e-04,1.923160827485189675e-04,2.424600683742404662e-04,1.905602346372675606e-04,2.612751271122117015e-04,2.783684609182750388e-04,2.373742362778689821e-04,2.344294724561417288e-04,2.061623741904636579e-04,3.497876478149469261e-04,1.540891920289369629e-04,3.208162865227489669e-04,2.352185682797273492e-04,3.234065648483258680e-04,2.585240077768849779e-04,2.287911219342789160e-04,2.484724005769332932e-04,3.403261868488785535e-04,2.701231596622820277e-04,1.682362997083500092e-04,4.004457584876749900e-04,2.955041303915416752e-04,2.240020328148021732e-04,2.748183827770429421e-04,2.246744290333594957e-04,1.988389948906418034e-04,3.290478501970423345e-04,1.844585725546825405e-04,2.612563950801920524e-04,2.225870176050892091e-04,2.151325090076600902e-04,2.268257204683601534e-04,2.235311712542067096e-04,3.651274303489117552e-04,2.084582660717599907e-04,2.476509307652725563e-04,3.367397617854311388e-04,2.845721131649623986e-04,2.755180196908197624e-04,2.197170412314771327e-04,2.105459048969500393e-04,3.385395366959220308e-04,3.123104370234784915e-04,3.095357032496642825e-04,2.311358390164309454e-04
3.014796441255073855e-04,1.667243323126594711e-04,3.611149527190003154e-04,3.709138967344742781e-04,1.561985658840448073e-04,3.477737990165711201e-04,4.135675363888272819e-04,3.803510884883351669e-04,3.727358851703168338e-04,1.496362823577216511e-04,2.032621895815603635e-04,2.471207042376215930e-04,1.545803492166047174e-04,1.416996640612625620e-04,1.315818012755765693e-04,3.453076726594781322e-04,9.817587415680984603e-05,2.663689415920936915e-04,3.516576487055456720e-04,2.961507299202779898e-04,1.263703993080555641e-03,2.139360556333953984e-04,1.365683024667621375e-04,1.275099105247416926e-04,4.461142613286395056e-04,1.648702866056343656e-04,2.366444330043204346e-04,1.119983570271882302e-04,2.131073061172122582e-04,2.914917080661412062e-04,1.731953773510261428e-04,1.031437484978200243e-04,2.873581727082602185e-04,2.105123032693953207e-04,3.239812676428280801e-04,3.448958941205675804e-04,2.231697586452965443e-04,2.452972659134132027e-04,2.169464501990456924e-04,4.237595552730601231e-04,1.172376243304558668e-04,4.270535524670602645e-04,1.874594715543637894e-04,3.557764828828057662e-04,2.191573787603662401e-04,2.778797526788259233e-04,2.683345853621807203e-04,3.901477268793042820e-04,2.922878831739138456e-04,1.560925850669236828e-04,5.065324330923729130e-04,3.201174206065447356e-04,1.800798987099206728e-04,3.510287527678661898e-04,1.592081881730932210e-04,2.021290025448211811e-04,3.986090529088558631e-04,1.574027500752276320e-04,3.397383579981346283e-04,1.517104684741564090e-04,1.060241376677102936e-04,2.922920690590831449e-04,2.082339261147078408e-04,4.400110914426313253e-04,2.299181484078343784e-04,1.873324099938665087e-04,4.187655422768117044e-04,2.703908136821615979e-04,3.405468571764752009e-04,2.316719229118317271e-04,1.647932162421005800e-04,4.606806062938885080e-04,3.562932331574164817e-04,3.930099299339228258e-04,2.231393520082564118e-04
